//TJADB Project
TITLE:Yoru ni Kakeru
TITLEJA:夜に駆ける
SUBTITLE:--YOASOBI
SUBTITLEJA:YOASOBI
BPM:130
WAVE:Yoru ni Kakeru.ogg
OFFSET:-1.962
DEMOSTART:75.029

COURSE:Easy
LEVEL:1
BALLOON:5,10,5
SCOREINIT:
SCOREDIFF:

#START
11,
100000000000000000000000100000000000000000000002,
0,
0,
11,
11,
100000000000000000000000000000000000000000000002,
0,
11,
11,
11,
2,
11,
11,
11,
1001,
1,
1,
1,
1,
2,
2,
1,
0,
11,
1,
11,
2,
11,
1,
100000000000000000000000000000000000000002000000,
0,
1,
2,
1,
02,
11,
1,
11,
2,
21,
1110,
11,
1110,
1110,
1120,
1,
0,
11,
1110,
11,
1110,
1110,
1120,
2010,
1,
0,
0,
0,
#END